0  1.0000000    -0.0090000
0   0.9933335    -0.0076628
0   0.9830122    -0.0046550
0   0.9712611    -0.0011511
0   0.9578947     0.0024376
0   0.9433522     0.0060666
0   0.9279741     0.0097768
0   0.9122527     0.0132394
0   0.8960997     0.0164519
0   0.8799210     0.0194134
0   0.8636596     0.0219527
0   0.8472211     0.0244024
0   0.8308505     0.0265893
0   0.8145848     0.0286554
0   0.7983116     0.0305918
0   0.7818612     0.0323992
0   0.7651526     0.0340426
0   0.7480619     0.0355780
0   0.7310297     0.0370191
0   0.7137725     0.0383964
0   0.6967008     0.0397398
0   0.6796322     0.0409264
0   0.6628247     0.0420331
0   0.6460202     0.0430081
0   0.6287382     0.0438636
0   0.6111823     0.0447396
0   0.5938707     0.0455517
0   0.5763057     0.0462488
0   0.5587145     0.0469535
0   0.5414643     0.0475583
0   0.5240530     0.0480766
0   0.5067701     0.0485730
0   0.4892414     0.0489154
0   0.4714418     0.0492715
0   0.4538867     0.0496306
0   0.4366000     0.0498302
0   0.4192969     0.0500030
0   0.4018681     0.0499991
0   0.3842118     0.0499977
0   0.3668752     0.0499774
0   0.3495478     0.0497963
0   0.3322958     0.0495497
0   0.3147296     0.0491957
0   0.2971960     0.0488488
0   0.2800232     0.0484007
0   0.2627904     0.0478818
0   0.2459439     0.0473445
0   0.2292916     0.0466680
0   0.2125094     0.0458220
0   0.1958983     0.0449602
0   0.1795542     0.0439708
0   0.1633126     0.0428391
0   0.1470538     0.0415660
0   0.1307207     0.0401683
0   0.1144778     0.0384966
0   0.0985465     0.0367326
0   0.0833149     0.0348507
0   0.0693480     0.0327992
0   0.0570652     0.0307826
0   0.0467210     0.0286858
0   0.0380206     0.0266078
0   0.0308842     0.0246673
0   0.0250039     0.0227523
0   0.0200656     0.0209254
0   0.0158883     0.0192029
0   0.0123749     0.0174183
0   0.0094364     0.0154897
0   0.0069978     0.0134492
0   0.0050068     0.0113900
0   0.0034035     0.0093535
0   0.0021394     0.0073520
0   0.0011807     0.0053853
0   0.0005075     0.0034479
0   0.0001125     0.0015311
0   0.0000012    -0.0003763
0   0.0001790    -0.0022878
0   0.0006350    -0.0042161
0   0.0013675    -0.0061713
0   0.0023868    -0.0081614
0   0.0037163    -0.0101909
0   0.0053929    -0.0122580
0   0.0074689    -0.0143463
0   0.0100042    -0.0164030
0   0.0130507    -0.0183319
0   0.0166870    -0.0201253
0   0.0209862    -0.0218877
0   0.0260242    -0.0237408
0   0.0319941    -0.0255492
0   0.0393487    -0.0272600
0   0.0484880    -0.0291916
0   0.0593090    -0.0312780
0   0.0717385    -0.0332504
0   0.0855875    -0.0351941
0   0.1004349    -0.0370486
0   0.1162254    -0.0387899
0   0.1321228    -0.0403942
0   0.1478043    -0.0418166
0   0.1634486    -0.0429425
0   0.1796766    -0.0439812
0   0.1964989    -0.0449987
0   0.2134829    -0.0458704
0   0.2305939    -0.0467264
0   0.2477606    -0.0474075
0   0.2648770    -0.0480540
0   0.2821482    -0.0485640
0   0.2993256    -0.0490827
0   0.3163908    -0.0494237
0   0.3332530    -0.0497393
0   0.3499398    -0.0498997
0   0.3667872    -0.0498960
0   0.3835713    -0.0498710
0   0.4002654    -0.0496961
0   0.4172128    -0.0493523
0   0.4342556    -0.0489811
0   0.4514322    -0.0484597
0   0.4684981    -0.0478627
0   0.4856388    -0.0471809
0   0.5024128    -0.0463596
0   0.5189818    -0.0453652
0   0.5354746    -0.0442206
0   0.5519890    -0.0429252
0   0.5685994    -0.0414295
0   0.5851654    -0.0397357
0   0.6017999    -0.0378931
0   0.6184741    -0.0358046
0   0.6352022    -0.0334317
0   0.6519888    -0.0307675
0   0.6690024    -0.0278682
0   0.6859791    -0.0249306
0   0.7031798    -0.0218297
0   0.7202677    -0.0187532
0   0.7373115    -0.0158603
0   0.7542704    -0.0130081
0   0.7713079    -0.0102887
0   0.7881342    -0.0076717
0   0.8048261    -0.0053601
0   0.8213611    -0.0033448
0   0.8375854    -0.0016270
0   0.8532810    -0.0003887
0   0.8687855     0.0004529
0   0.8839604     0.0007210
0   0.8991189     0.0005260
0   0.9140664    -0.0001144
0   0.9285128    -0.0012466
0   0.9426204    -0.0029636
0   0.9563607    -0.0052124
0   0.9695295    -0.0078923
0   0.9819112    -0.0110139
0   0.9932565    -0.0142753
0   1.0000000    -0.0164000
